0.293387
0.942873
0.800310
0.942873
0.346049
0.465471
0.473420
0.745189
0.473420
0.745189
0.473420
0.745189
0.473420
0.745189
0.473420
0.745189
0.473420
0.745189
0.628909
0.745189
0.083330
0.089657
0.100588
0.229790
0.293387
0.367879
0.083330
0.089657
0.007680
0.005325
0.007680
0.005325
0.007680
0.005325
0.007680
0.005325
0.007680
0.005325
0.021216
0.027647
0.021216
0.027647
0.021216
0.027647
0.083330
0.089657
0.083330
0.089657
0.628909
0.745189
0.628909
0.745189
0.628909
0.745189
0.628909
0.745189
0.628909
0.745189
0.548030
0.942873
