11110000111100001
11100001111001011
11000011110011111
10000111100110111
00001111001100111
00011110011001110
00111100110011100
01111001100111000
11110011001110000
11100110011101001
11001100111011011
10011001110111111
00110011101110111
01100111011101110
11001110111011100
10011101110110001
00111011101101011
01110111011010110
11101110110101100
11011101101010001
10111011010101011
01110110101011111
11101101010111110
11011010101110101
10110101011100011
01101010111001111
11010101110011110
10101011100110101
01010111001100011
10101110011000110