11110000111100001
11100001111100011
11000011111100111
10000111111101111
00001111111111111
00011111111111110
00111111111111100
01111111111111000
11111111111110000
11111111111000001
11111111110100011
11111111101100111
11111111011101111
11111110111111111
11111101111011111
11111011110011111
11110111100011111
11101111000011111
11011110000011111
10111100000011111
01111000000011111
11110000000111110
11100000001011101
11000000010011011
10000000100010111
00000001000001111
00000010000011110
00000100000111100
00001000001111000
00010000011110000