11110000111100001
11100001110000011
11000011101000111
10000111011001111
00001110111011111
00011101110111110
00111011101111100
01110111011111000
11101110111110000
11011101110100001
10111011100000011
01110111001000111
11101110010001110
11011100101011101
10111001011111011
01110010110110111
11100101101101110
11001011010011101
10010110101111011
00101101010110111
01011010101101110
10110101011011100
01101010111111001
11010101111110010
10101011110100101
01010111100001011
10101111000010110
01011110001101101
10111100011011010
01111000111110101